$ 1 0.00002 3.1763992386181834 50 5 50
v 96 336 96 48 0 1 50 12 0 0 0.5
w 96 48 224 48 0
w 224 48 224 112 0
d 224 112 288 176 1 0.805904783
d 224 240 288 176 1 0.805904783
d 160 176 224 112 1 0.805904783
d 160 176 224 240 1 0.805904783
w 224 240 224 336 0
w 224 336 96 336 0
w 160 176 160 272 0
w 288 176 336 176 0
w 160 272 336 272 0
c 336 176 336 272 0 0.0001 0
w 336 176 416 176 0
w 336 272 416 272 0
r 416 176 416 272 0 1000
g 160 272 160 288 0 0
o 0 8 0 4098 20 0.02 0 2 0 3
o 15 8 0 4099 20 0.02 1 2 15 3
