$ 1 0.000005 10.20027730826997 50 5 50
v 64 336 64 96 0 1 50 10 0 0 0.5
w 64 96 144 96 0
w 64 336 144 336 0
T 144 96 208 336 0 1 10 0 0 0.999
r 208 96 320 96 0 5
r 208 336 320 336 0 5
w 320 96 384 96 0
w 320 336 384 336 0
T 384 96 448 336 0 100 0.1 0 0 0.999
r 448 96 448 336 0 10
g 64 336 64 352 0 0
v 64 656 64 448 0 1 50 10 0 0 0.5
w 64 448 144 448 0
r 144 448 320 448 0 5
w 320 448 448 448 0
r 448 448 448 656 0 10
w 448 656 320 656 0
r 320 656 144 656 0 5
w 144 656 64 656 0
g 64 656 64 672 0 0
x 64 400 210 403 4 16 stepped-up transmission
x 64 720 202 723 4 16 direct transmission
o 4 64 0 4099 100 0.02 0 2 4 3
o 9 64 0 4099 10 0.02 0 2 9 3
o 13 64 0 4099 10 0.02 0 2 13 3
o 15 64 0 4099 10 0.02 0 2 15 3
